14,30
14,29
14,28
14,27
14,26
14,25
14,24
14,23
14,22
14,21
14,20
14,19
14,18
14,17
14,16
14,15
14,14
14,13
14,12
14,11
14,10
14,9
14,8
14,7
14,6
14,5
14,4
14,3
14,2
14,1
14,0
13,315
13,314
13,313
13,312
13,311
13,310
13,309
13,308
13,307
13,306
13,305
13,304
13,303
13,302
13,301
13,300
13,299
13,298
13,297
13,296
13,295
13,294
13,293
13,292
13,291
13,290
13,289
13,288
13,287
13,286
13,285
13,284
13,283
13,282
13,281
13,280
13,279
13,278
13,277
13,276
13,275
13,274
13,273
13,272
13,271
13,270
13,269
13,268
13,267
13,266
13,265
13,264
13,263
13,262
13,261
13,260
13,259
13,258
13,257
13,256
13,255
13,254
13,253
13,252
13,251
13,250
13,249
13,248
13,247
13,246
13,245
13,244
13,243
13,242
13,241
13,240
13,239
13,238
13,237
13,236
13,235
13,234
13,233
13,232
13,231
13,230
13,229
13,228
13,227
13,226
13,225
13,224
13,223
13,222
13,221
13,220
13,219
13,218
13,217
13,216
13,215
13,214
13,213
13,212
13,211
13,210
13,209
13,208
13,207
13,206
13,205
13,204
13,203
13,202
13,201
13,200
13,199
13,198
13,197
13,196
13,195
13,194
13,193
13,192
13,191
13,190
13,189
13,188
13,187
13,186
13,185
13,184
13,183
13,182
13,181
13,180
13,179
13,178
13,177
13,176
13,175
13,174
13,173
13,172
13,171
13,170
13,169
13,168
13,167
13,166
13,165
13,164
13,163
13,162
13,161
13,160
13,159
13,158
13,157
13,156
13,155
13,154
13,153
13,152
13,151
13,150
13,149
13,148
13,147
13,146
13,145
13,144
13,143
13,142
13,141
13,140
13,139
13,138
13,137
13,136
13,135
13,134
13,133
13,132
13,131
13,130
13,129
13,128
13,127
13,126
13,125
13,124
13,123
13,122
13,121
13,120
13,119
13,118
13,117
13,116
13,115
13,114
13,113
13,112
13,111
13,110
13,109
13,108
13,107
13,106
13,105
13,104
13,103
13,102
13,101
13,100
13,99
13,98
13,97
13,96
13,95
13,94
13,93
13,92
13,91
13,90
13,89
13,88
13,87
13,86
13,85
13,84
13,83
13,82
13,81
13,80
13,79
13,78
13,77
13,76
13,75
13,74
13,73
13,72
13,71
13,70
13,69
13,68
13,67
13,66
13,65
13,64
13,35
13,34
13,33
13,32
13,31
13,30
13,29
13,28
13,27
13,26
13,25
13,24
13,23
13,22
13,21
13,20
13,19
13,18
13,17
13,16
13,15
13,14
13,13
13,12
13,11
13,10
13,9
13,8
13,7
13,6
13,5
13,4
13,3
13,2
13,1
13,0
11,315
11,314
11,313
11,312
11,311
11,310
12,30
11,309
11,308
11,307
11,306
11,305
11,304
10,17
11,303
11,302
11,301
12,29
11,300
11,299
11,298
11,297
11,296
11,295
11,294
11,293
11,292
11,291
11,290
11,289
12,28
11,288
11,287
11,286
11,285
11,284
11,283
11,282
11,281
11,280
9,7
11,279
11,278
11,277
11,276
11,275
11,274
12,27
11,273
11,272
11,271
11,270
11,269
10,16
11,268
11,267
11,266
11,265
11,264
11,263
12,26
11,262
11,261
11,260
11,259
11,258
11,257
12,25
11,256
11,255
11,254
11,253
11,252
11,251
11,250
11,249
11,248
11,247
11,246
12,24
11,245
10,15
11,244
11,243
11,242
11,241
11,240
11,239
11,238
10,14
11,237
11,236
11,235
11,234
11,233
11,232
11,231
12,23
11,230
11,229
11,228
11,227
11,226
11,225
11,224
11,223
12,22
11,222
11,221
11,220
11,219
11,218
11,217
11,216
11,215
11,214
11,213
10,13
10,12
12,21
11,212
11,211
11,210
11,209
11,208
11,207
11,206
11,205
11,204
11,203
12,20
11,202
11,201
11,200
11,199
11,198
11,197
11,196
11,195
11,194
11,193
11,192
11,191
11,190
12,19
11,189
11,188
11,187
11,186
11,185
10,11
11,184
11,183
11,182
11,181
11,180
11,179
9,6
11,178
11,177
11,176
11,175
11,174
12,18
11,173
11,172
11,171
11,170
11,169
11,168
11,167
12,17
11,166
11,165
11,164
11,163
11,162
11,161
11,160
12,16
11,159
11,158
11,157
10,10
11,156
11,155
11,154
11,153
11,152
11,151
11,150
11,149
11,148
11,147
11,146
12,15
11,145
11,144
11,143
11,142
11,141
11,140
11,139
11,138
11,137
11,136
11,135
11,134
11,133
12,14
11,132
11,131
11,130
11,129
9,5
9,4
10,9
11,128
11,127
10,8
11,126
11,125
12,13
11,124
11,123
11,122
11,121
11,120
11,119
11,118
11,117
11,116
11,115
12,12
11,114
11,113
11,112
11,111
11,110
11,109
11,108
11,107
11,106
11,105
12,11
11,104
11,103
11,102
11,101
11,100
11,99
11,98
11,97
11,96
11,95
10,7
11,94
11,93
11,92
12,10
11,91
11,90
11,89
11,88
11,87
11,86
11,85
11,84
11,83
11,82
11,81
11,80
11,79
11,78
11,77
11,76
12,9
11,75
11,74
0,447
0,446
0,445
11,73
11,72
11,71
0,444
0,443
12,8
11,70
10,6
0,442
0,441
11,69
11,68
0,440
11,67
0,439
11,66
11,65
0,438
11,64
11,35
11,34
11,33
11,32
12,7
11,31
11,30
11,29
10,5
10,4
11,28
11,27
11,26
11,25
11,24
11,23
11,22
11,21
11,20
11,19
12,6
11,18
11,17
11,16
11,15
11,14
11,13
11,12
12,5
12,4
11,11
11,10
11,9
11,8
11,7
11,6
0,437
0,436
0,435
0,434
0,433
0,432
0,431
0,430
0,429
0,428
0,427
0,426
0,425
0,424
0,423
0,422
0,421
0,420
0,419
11,5
11,4
0,418
0,417
0,416
0,415
0,414
0,413
0,412
0,411
0,410
0,409
0,408
0,407
0,406
0,405
0,404
0,403
0,402
0,401
0,400
0,399
0,398
0,397
0,396
0,395
0,394
0,393
0,392
0,391
0,390
0,389
0,388
0,387
0,386
0,385
0,384
0,383
0,382
0,381
0,380
0,379
0,378
0,377
0,376
0,375
0,374
0,373
0,372
0,371
0,370
0,369
0,368
0,367
0,366
0,365
0,364
0,363
0,362
0,361
0,360
0,359
0,358
0,357
0,356
0,355
0,354
0,353
0,352
0,351
0,350
12,3
12,2
12,1
12,0
0,349
0,348
0,347
0,346
11,3
11,2
11,1
11,0
0,345
0,344
0,343
0,342
10,3
10,2
10,1
10,0
0,341
0,340
0,339
0,338
9,3
9,2
9,1
9,0
0,337
0,336
0,335
0,334
0,333
0,332
8,3
8,2
0,331
8,1
8,0
0,330
0,329
0,328
0,327
0,326
7,3
7,2
0,325
7,1
7,0
0,324
0,323
0,322
0,321
0,320
0,319
6,3
6,2
0,318
6,1
6,0
0,317
5,3
5,2
5,1
5,0
4,3
4,2
4,1
4,0
3,6
3,5
3,4
3,3
3,2
3,1
3,0
2,2
1,2
1,1
1,3
0,243
1,0
2,1
2,3
2,0
0,9
0,310
0,305
0,308
0,304
0,303
0,302
0,307
0,12
0,10
0,8
0,0
0,300
0,299
0,298
0,297
0,296
0,295
0,294
0,293
0,292
0,291
0,290
0,289
0,288
0,287
0,286
0,285
0,284
0,283
0,282
0,281
0,280
0,279
0,278
0,277
0,276
0,275
0,274
0,273
0,272
0,271
0,270
0,269
0,268
0,267
0,266
0,265
0,264
0,263
0,262
0,261
0,260
0,259
0,258
0,257
0,256
0,255
0,254
0,253
0,252
0,251
0,250
0,249
0,248
0,247
0,246
0,245
0,244
0,242
0,241
0,240
0,239
0,238
0,237
0,236
0,235
0,234
0,233
0,232
0,231
0,230
0,229
0,228
0,227
0,226
0,225
0,224
0,223
0,222
0,221
0,220
0,219
0,218
0,217
0,216
0,215
0,214
0,213
0,212
0,211
0,210
0,209
0,208
0,207
0,206
0,205
0,204
0,203
0,202
0,201
0,200
0,199
0,198
0,197
0,196
0,195
0,194
0,193
0,192
0,63
0,62
0,61
0,60
0,59
0,58
0,57
0,56
0,55
0,54
0,53
0,316
0,52
0,315
0,51
0,314
0,50
0,313
0,49
0,312
0,48
0,311
0,47
0,309
0,46
0,306
0,45
0,301
0,6
0,5
0,1
0,11
0,4
0,2
0,3
0,7
